
# Step 1. Launch a terminal emulator

screen -L /dev/ttyUSB0 230400,cs8,-ixon,-ixon,istrip


# Step 2. (Inside the terminal) Read memory 
# Skip the comments after '#' character


# Turn echo on
1 echo

# Test the GoodFET ready
ping

# GoodFET's answer
pong

# Take the target under JTAG control
aquire

# The target is  under control
target_aquire ok

# Read 100 words on $5C00 into the inner buffer
$5C00 $100 @xm

# Dump 100 words from the inner buffer in TI TXT format
$5C00 $100 @xdump

@5C00
31 40 00 5C B2 40 80 5A 5C 01 3F 40 00 00 0F 93 
05 24 2F 83 9F 4F 8E 5F 00 1C FB 23 3F 40 00 00 
0F 93 04 24 1F 83 CF 43 00 1C FC 23 30 40 36 5C 
30 40 34 5C 00 13 31 40 00 5C F2 40 40 00 24 02 
F2 40 40 00 22 02 0F 43 03 43 03 43 03 43 03 43 
03 43 03 43 03 43 03 43 03 43 03 43 03 43 03 43 
03 43 03 43 03 43 03 43 03 43 03 43 03 43 03 43 
03 43 03 43 03 43 03 43 03 43 3F 50 19 00 3F 90 
E8 FD E2 2B 0F 43 03 43 03 43 03 43 03 43 03 43 
03 43 03 43 03 43 03 43 03 43 03 43 03 43 03 43 
03 43 03 43 03 43 03 43 03 43 03 43 03 43 03 43 
03 43 03 43 03 43 03 43 3F 50 19 00 3F 90 E8 FD 
E2 2B 0F 43 03 43 03 43 03 43 03 43 03 43 03 43 
03 43 03 43 03 43 03 43 03 43 03 43 03 43 03 43 
03 43 03 43 03 43 03 43 03 43 03 43 03 43 03 43 
03 43 03 43 03 43 3F 50 19 00 3F 90 E8 FD E2 2B 
0F 43 03 43 03 43 03 43 03 43 03 43 03 43 03 43 
03 43 03 43 03 43 03 43 03 43 03 43 03 43 03 43 
03 43 03 43 03 43 03 43 03 43 03 43 03 43 03 43 
03 43 03 43 3F 50 19 00 3F 90 E8 FD E2 2B 0F 43 
03 43 03 43 03 43 03 43 03 43 03 43 03 43 03 43 
03 43 03 43 03 43 03 43 03 43 03 43 03 43 03 43 
03 43 03 43 03 43 03 43 03 43 03 43 03 43 03 43 
03 43 3F 50 19 00 3F 90 E8 FD E2 2B 0F 43 03 43 
03 43 03 43 03 43 03 43 03 43 03 43 03 43 03 43 
03 43 03 43 03 43 03 43 03 43 03 43 03 43 03 43 
03 43 03 43 03 43 03 43 03 43 03 43 03 43 03 43 
3F 50 19 00 3F 90 E8 FD E2 2B 0F 43 03 43 03 43 
03 43 03 43 03 43 03 43 03 43 03 43 03 43 03 43 
03 43 03 43 03 43 03 43 03 43 03 43 03 43 03 43 
03 43 03 43 03 43 03 43 03 43 03 43 03 43 3F 50 
19 00 3F 90 E8 FD E2 2B 0F 43 03 43 03 43 03 43 



